12/6/2017 Registro Demográfico - División de Calidad y Estadísticas Vitales
SEP Y2015 Y2016 Y2017
16-17
Diff.
1 75 75 92 17
2 77 67 69 2
3 67 78 78 0
4 71 99 84 -15
5 62 89 75 -14
6 77 74 80 6
7 85 67 87 20
8 84 77 93 16
9 79 90 72 -18
10 66 73 98 25
11 92 78 92 14
12 79 66 77 11
13 81 88 100 12
14 70 81 80 -1
15 87 91 83 -8
16 70 71 77 6
17 70 68 85 17
18 76 79 77 -2
19 81 82 74 -8
20 69 79 100 21
21 70 67 120 53
22 68 97 110 13
23 70 71 109 38
24 78 79 120 41
25 60 75 135 60
26 76 82 131 49
27 78 82 120 38
28 84 81 109 28
29 83 70 127 57
30 73 91 129 38
Total 2258 2367 2883 516
Avg 75 79 96 Avg Sep 1-19, 2017 83 Dif. 16vs17 80
Max 92 99 135 Avg Sep 20-30,2017 119 Dif. 16vs17 436
Min 60 66 69
Med 76 79 92 NOTA:
AveD 6.18 7.10 17.25 *Y2017 - Certificados de Defunción registrados en sistema del RD hasta: 12/6/2017
0
20
40
60
80
100
120
140
1 2 3 4 5 6 7 8 9 10 11 12 13 14 15 16 17 18 19 20 21 22 23 24 25 26 27 28 29 30
Defunciones Ocurridas en Septiembre por Día y Año
Registro Demográfico - División de Calidad y Estadísticas Vitales Y2015 Y2016 Y2017
12/6/2017 Registro Demográfico - División de Calidad y Estadísticas Vitales
OCT* Y2015 Y2016 Y2017*
16-17
Diff.
1 74 90 101 11
2 84 67 104 37
3 77 82 118 36
4 99 78 115 37
5 96 82 111 29
6 68 78 128 50
7 66 85 105 20
8 79 77 94 17
9 73 76 90 14
10 74 86 96 10
11 90 77 97 20
12 82 79 90 11
13 71 70 93 23
14 75 73 102 29
15 77 78 92 14
16 80 77 72 -5
17 69 75 80 5
18 84 68 87 19
19 73 72 100 28
20 77 79 82 3
21 79 74 75 1
22 77 101 94 -7
23 74 68 90 22
24 78 69 91 22
25 72 63 87 24
26 60 71 88 17
27 71 67 101 34
28 75 73 92 19
29 76 78 80 2
30 88 79 89 10
31 75 65 62 -3
Total 2393 2357 2906 549
Avg 77 76 94 Avg Oct 1-7, 2017 112 Dif. 16vs17 220
Max 99 101 128 Avg Dif. 16vs17
Min 60 63 62
Med 76 77 92 NOTA:
AveD 5.7981 5.7732 9.9105 *Y2017 - Certificados de Defunción registrados en sistema del RD hasta: 12/6/2017
0
20
40
60
80
100
120
140
1 2 3 4 5 6 7 8 9 10 11 12 13 14 15 16 17 18 19 20 21 22 23 24 25 26 27 28 29 30 31
Defunciones Ocurridas en Octubre por Día y Año
Registro Demográfico - División de Calidad y Estadísticas Vitales Y2015 Y2016 Y2017*
12/6/2017 Registro Demográfico - División de Calidad y Estadísticas Vitales
NOV Y2015 Y2016 Y2017*
16-17
Diff.
1 77 84 78 -6
2 71 72 90 18
3 83 74 68 -6
4 58 97 86 -11
5 66 77 76 -1
6 70 97 77 -20
7 62 77 81 4
8 73 77 74 -3
9 73 82 70 -12
10 62 73 56 -17
11 74 85 77 -8
12 77 79 61 -18
13 77 79 54 -25
14 78 90 52 -38
15 77 79 51 -28
16 74 76 55 -21
17 81 78 64 -14
18 62 84 56 -28
19 79 100 48 -52
20 90 82 51 -31
21 64 91 48 -43
22 91 71 48 -23
23 83 87 41 -46
24 81 82 37 -45
25 80 66 31 -35
26 70 91 32 -59
27 102 87 34 -53
28 85 89 25 -64
29 49 90 32 -58
30 99 88 18 -70
Total 2268 2484 1671 -813
Avg 76 83 56 Avg Dif. 16vs17
Max 102 100 90 Avg Dif. 16vs17
Min 49 66 18
Med 77 82 54.5 NOTA:
AveD 8.69 6.72 15.61 *Y2017 - Certificados de Defunción registrados en sistema del RD hasta: 12/6/2017
0
20
40
60
80
100
120
140
1 2 3 4 5 6 7 8 9 10 11 12 13 14 15 16 17 18 19 20 21 22 23 24 25 26 27 28 29 30
Defunciones Ocurridas en Noviembre por Día y Año
Y2015 Y2016 Y2017*
Registro Demográfico - División de Calidad y Estadísticas Vitales
12/6/2017 Registro Demográfico - División de Calidad y Estadísticas Vitales
DEC Y2015 Y2016 Y2017*
16-17
Diff.
1 82 77 -77
2 87 88 -88
3 83 67 -67
4 78 78 -78
5 69 82 -82
6 69 106 -106
7 77 80 -80
8 85 87 -87
9 86 103 -103
10 78 102 -102
11 73 89 -89
12 80 107 -107
13 75 87 -87
14 77 70 -70
15 75 85 -85
16 95 78 -78
17 70 83 -83
18 107 99 -99
19 88 78 -78
20 87 84 -84
21 79 91 -91
22 74 109 -109
23 90 96 -96
24 96 125 -125
25 90 85 -85
26 69 107 -107
27 75 114 -114
28 79 95 -95
29 80 88 -88
30 93 94 -94
31 70 120 -120
Total 2516 2854 0 -2854
Avg 81 92 #DIV/0!
Max 107 125 0
Min 69 67 0
Med 79 88 #NUM! NOTA:
AveD 7.35 11.62 #NUM! *Y2017 - Certificados de Defunción registrados en sistema del RD hasta: 11/20/2017
0
20
40
60
80
100
120
140
1 2 3 4 5 6 7 8 9 10 11 12 13 14 15 16 17 18 19 20 21 22 23 24 25 26 27 28 29 30 31
Defunciones Ocurridas en Diciembre por Día y Año
Registro Demográfico - División de Calidad y Estadísticas Vitales Y2015 Y2016 Y2017*
12/6/2017 Registro Demográfico - División de Calidad y Estadísticas Vitales
JAN Y2015 Y2016 Y2017*
16-17
Diff.
1 107 89 107 18
2 101 88 108 20
3 78 79 115 36
4 121 90 81 -9
5 99 80 79 -1
6 104 96 90 -6
7 79 92 116 24
8 73 77 108 31
9 90 86 82 -4
10 75 90 85 -5
11 88 86 77 -9
12 85 81 75 -6
13 74 79 84 5
14 98 87 103 16
15 88 94 103 9
16 111 99 103 4
17 92 92 85 -7
18 90 83 94 11
19 101 81 91 10
20 98 100 88 -12
21 105 81 102 21
22 71 87 90 3
23 82 92 95 3
24 84 100 87 -13
25 83 92 96 4
26 83 98 94 -4
27 73 91 81 -10
28 87 98 99 1
29 73 92 97 5
30 78 90 97 7
31 73 72 82 10
Total 2744 2742 2894 152
Avg 89 88 93
Max 121 100 116
Min 71 77 75
Med 88 90 94 NOTA:
AveD 10.73 5.89 9.25 *Y2017 - Certificados de Defunción registrados en sistema del RD hasta: 11/20/2017
0
20
40
60
80
100
120
140
1 2 3 4 5 6 7 8 9 10 11 12 13 14 15 16 17 18 19 20 21 22 23 24 25 26 27 28 29 30 31
Defunciones Ocurridas en Enero por Día y Año
Registro Demográfico - División de Calidad y Estadísticas Vitales Y2015 Y2016 Y2017*
12/6/2017 Registro Demográfico - División de Calidad y Estadísticas Vitales
FEB Y2015 Y2016 Y2017*
16-17
Diff.
1 66 111 93 -18
2 114 95 88 -7
3 95 119 68 -51
4 87 89 76 -13
5 84 109 71 -38
6 93 87 81 -6
7 79 94 94 0
8 94 94 82 -12
9 80 79 105 26
10 77 102 79 -23
11 109 92 89 -3
12 93 88 86 -2
13 86 97 67 -30
14 67 84 86 2
15 79 93 85 -8
16 101 78 73 -5
17 81 85 86 1
18 75 79 87 8
19 94 107 89 -18
20 79 72 84 12
21 71 83 78 -5
22 90 83 81 -2
23 85 83 79 -4
24 95 102 82 -20
25 93 73 75 2
26 77 82 76 -6
27 66 93 91 -2
28 93 69 84 15
29 70
Total 2403 2592 2315
Avg 86 89 83
Max 114 119 105
Min 66 69 67
Med 86 88 83 NOTA:
AveD 9.68 10.07 6.39 *Y2017 - Certificados de Defunción registrados en sistema del RD hasta: 11/20/2017
0
20
40
60
80
100
120
140
1 2 3 4 5 6 7 8 9 10 11 12 13 14 15 16 17 18 19 20 21 22 23 24 25 26 27 28 29
Defunciones Ocurridas en Febrero por Día y Año
Registro Demográfico - División de Calidad y Estadísticas Vitales Y2015 Y2016 Y2017*
12/6/2017 Registro Demográfico - División de Calidad y Estadísticas Vitales
MAR Y2015 Y2016 Y2017*
16-17
Diff.
1 82 73 73 0
2 92 69 89 20
3 95 67 57 -10
4 77 88 90 2
5 75 77 92 15
6 90 69 78 9
7 76 85 78 -7
8 80 80 81 1
9 68 69 93 24
10 80 77 97 20
11 79 84 95 11
12 72 72 81 9
13 80 85 89 4
14 67 83 69 -14
15 71 77 69 -8
16 89 80 82 2
17 75 69 91 22
18 82 77 70 -7
19 92 95 82 -13
20 76 94 82 -12
21 81 90 76 -14
22 62 83 89 6
23 79 82 73 -9
24 64 81 78 -3
25 75 86 88 2
26 77 82 80 -2
27 73 78 88 10
28 76 70 67 -3
29 86 78 73 -5
30 94 77 72 -5
31 62 81 72 -9
Total 2427 2458 2494 36
Avg 78 79 80
Max 95 95 97
Min 62 67 57
Med 78 79 81 NOTA:
AveD 6.88 5.83 7.86 *Y2017 - Certificados de Defunción registrados en sistema del RD hasta: 11/20/2017
0
20
40
60
80
100
120
140
1 2 3 4 5 6 7 8 9 10 11 12 13 14 15 16 17 18 19 20 21 22 23 24 25 26 27 28 29 30 31
Defunciones Ocurridas en Marzo por Día y Año
Registro Demográfico - División de Calidad y Estadísticas Vitales Y2015 Y2016 Y2017*
12/6/2017 Registro Demográfico - División de Calidad y Estadísticas Vitales
APR Y2015 Y2016 Y2017*
16-17
Diff.
1 70 79 89 10
2 85 53 94 41
3 80 77 81 4
4 88 92 92 0
5 84 75 57 -18
6 82 68 73 5
7 66 84 80 -4
8 57 88 88 0
9 73 65 86 21
10 66 73 88 15
11 80 83 86 3
12 93 65 81 16
13 74 68 74 6
14 71 84 77 -7
15 86 74 74 0
16 79 80 80 0
17 74 77 79 2
18 71 82 73 -9
19 74 62 81 19
20 66 75 84 9
21 73 73 70 -3
22 71 64 72 8
23 70 88 84 -4
24 67 73 73 0
25 80 81 90 9
26 72 68 81 13
27 69 76 64 -12
28 87 73 64 -9
29 67 77 97 20
30 84 64 79 15
Total 2259 2241 2391 150
Avg 75 75 80
Max 93 92 97
Min 57 53 57
Med 74 75 81 NOTA:
AveD 6.96 6.85 7.14 *Y2017 - Certificados de Defunción registrados en sistema del RD hasta: 11/20/2017
0
20
40
60
80
100
120
140
1 2 3 4 5 6 7 8 9 10 11 12 13 14 15 16 17 18 19 20 21 22 23 24 25 26 27 28 29 30
Defunciones Ocurridas en Abril por Día y Año
Registro Demográfico - División de Calidad y Estadísticas Vitales Y2015 Y2016 Y2017*
12/6/2017 Registro Demográfico - División de Calidad y Estadísticas Vitales
MAY Y2015 Y2016 Y2017*
16-17
Diff.
1 66 74 62 -12
2 87 59 93 34
3 77 74 73 -1
4 70 53 80 27
5 81 84 62 -22
6 89 68 58 -10
7 82 71 87 16
8 79 79 69 -10
9 85 80 86 6
10 84 81 57 -24
11 78 68 68 0
12 64 85 78 -7
13 66 69 86 17
14 74 62 81 19
15 81 76 85 9
16 71 67 94 27
17 78 67 85 18
18 70 83 74 -9
19 71 72 77 5
20 78 89 70 -19
21 88 78 83 5
22 64 81 84 3
23 65 87 67 -20
24 87 85 81 -4
25 57 82 83 1
26 90 67 91 24
27 65 80 88 8
28 64 69 62 -7
29 79 77 72 -5
30 66 69 71 2
31 84 76 78 2
Total 2340 2312 2385 73
Avg 75 75 77
Max 90 89 94
Min 57 53 57
Med 78 75 79 NOTA:
AveD 7.99 7.08 8.72 *Y2017 - Certificados de Defunción registrados en sistema del RD hasta: 11/20/2017
0
20
40
60
80
100
120
140
1 2 3 4 5 6 7 8 9 10 11 12 13 14 15 16 17 18 19 20 21 22 23 24 25 26 27 28 29 30 31
Defunciones Ocurridas en Mayo por Día y Año
Registro Demográfico - División de Calidad y Estadísticas Vitales Y2015 Y2016 Y2017*
12/6/2017 Registro Demográfico - División de Calidad y Estadísticas Vitales
JUN Y2015 Y2016 Y2017*
16-17
Diff.
1 68 74 75 1
2 76 71 75 4
3 62 70 84 14
4 65 102 82 -20
5 82 80 78 -2
6 79 84 71 -13
7 59 74 96 22
8 65 77 64 -13
9 66 76 61 -15
10 80 77 71 -6
11 58 97 80 -17
12 74 70 94 24
13 76 81 79 -2
14 61 90 81 -9
15 78 66 77 11
16 69 93 97 4
17 87 68 80 12
18 71 90 74 -16
19 81 77 78 1
20 65 83 76 -7
21 79 70 75 5
22 82 76 76 0
23 73 67 83 16
24 81 77 86 9
25 66 77 87 10
26 84 71 82 11
27 69 85 74 -11
28 64 82 87 5
29 61 77 62 -15
30 64 73 78 5
Total 2145 2355 2363 8
Avg 72 79 79
Max 87 102 97
Min 58 66 61
Med 70 77 78 NOTA:
AveD 7.40 6.90 6.35 *Y2017 - Certificados de Defunción registrados en sistema del RD hasta: 11/20/2017
0
20
40
60
80
100
120
140
1 2 3 4 5 6 7 8 9 10 11 12 13 14 15 16 17 18 19 20 21 22 23 24 25 26 27 28 29 30
Defunciones Ocurridas en Junio por Día y Año
Registro Demográfico - División de Calidad y Estadísticas Vitales Y2015 Y2016 Y2017*
12/6/2017 Registro Demográfico - División de Calidad y Estadísticas Vitales
JUL Y2015 Y2016 Y2017*
16-17
Diff.
1 71 84 78 -6
2 67 75 82 7
3 85 69 80 11
4 94 102 65 -37
5 63 82 79 -3
6 77 103 73 -30
7 80 82 69 -13
8 83 72 73 1
9 82 74 60 -14
10 71 77 71 -6
11 75 89 71 -18
12 68 71 65 -6
13 87 82 89 7
14 80 84 80 -4
15 82 62 76 14
16 63 83 88 5
17 79 77 84 7
18 87 84 68 -16
19 75 67 71 4
20 102 95 65 -30
21 76 71 68 -3
22 72 58 94 36
23 79 70 83 13
24 74 83 82 -1
25 70 90 66 -24
26 74 91 77 -14
27 75 77 73 -4
28 71 82 80 -2
29 68 69 83 14
30 80 70 90 20
31 72 81 66 -15
Total 2382 2456 2349 -107
Avg 77 79 76
Max 102 103 94
Min 63 58 60
Med 76 80 77 NOTA:
AveD 6.53 8.35 7.27 *Y2017 - Certificados de Defunción registrados en sistema del RD hasta: 11/20/2017
0
20
40
60
80
100
120
140
1 2 3 4 5 6 7 8 9 10 11 12 13 14 15 16 17 18 19 20 21 22 23 24 25 26 27 28 29 30 31
Defunciones Ocurridas en Julio por Día y Año
Registro Demográfico - División de Calidad y Estadísticas Vitales Y2015 Y2016 Y2017*
12/6/2017 Registro Demográfico - División de Calidad y Estadísticas Vitales
AGO Y2015 Y2016 Y2017*
16-17
Diff.
1 69 65 105 40
2 72 79 73 -6
3 74 78 88 10
4 92 78 82 4
5 81 54 80 26
6 83 62 70 8
7 81 78 73 -5
8 89 78 67 -11
9 77 75 71 -4
10 74 62 72 10
11 63 76 79 3
12 87 89 78 -11
13 83 77 87 10
14 72 80 70 -10
15 88 69 80 11
16 58 73 70 -3
17 79 72 66 -6
18 71 79 70 -9
19 90 76 75 -1
20 77 76 70 -6
21 81 73 76 3
22 75 87 65 -22
23 85 68 67 -1
24 100 64 73 9
25 79 82 64 -18
26 73 72 73 1
27 70 73 96 23
28 73 67 56 -11
29 80 76 80 4
30 78 69 62 -7
31 73 65 75 10
Total 2427 2272 2313 41
Avg 78 73 75
Max 100 89 105
Min 58 54 56
Med 79 76 73 NOTA:
AveD 6.69 5.89 7.16 *Y2017 - Certificados de Defunción registrados en sistema del RD hasta: 11/20/2017
0
20
40
60
80
100
120
140
1 2 3 4 5 6 7 8 9 10 11 12 13 14 15 16 17 18 19 20 21 22 23 24 25 26 27 28 29 30 31
Defunciones Ocurridas en Agosto por Día y Año
Registro Demográfico - División de Calidad y Estadísticas Vitales Y2015 Y2016 Y2017*